0 0 4 3 4 6 -3000 -3000 3000 3000 10.0 1.0 0 0 5 -1000.0 0.0 0.0 0.0 3.141592653589793 1 0 5 1000.0 0.0 0.0 0.0 0.0 2 3 4 0.0 0.0 100.0 10000.0
1 1 2 0 0 5 -999.99 0.0 0.01 0.0 3.141592653589793 1 0 5 999.99 0.0 -0.01 0.0 0.0
2 1 2 0 0 5 -999.969999799997 0.0 0.02000020000300004 0.0 3.141592653589793 1 0 5 999.969999799997 0.0 -0.02000020000300004 0.0 0.0
3 1 2 0 0 5 -999.939998999963 0.0 0.03000080003400154 0.0 3.141592653589793 1 0 5 999.939998999963 0.0 -0.03000080003400154 0.0 0.0
4 1 2 0 0 5 -999.899996999801 0.0 0.04000200016201452 0.0 3.141592653589793 1 0 5 999.899996999801 0.0 -0.04000200016201452 0.0 0.0
5 1 2 0 0 5 -999.8499929992789 0.0 0.050004000522076514 0.0 3.141592653589793 1 0 5 999.8499929992789 0.0 -0.050004000522076514 0.0 0.0
6 1 2 0 0 5 -999.7899859979416 0.0 0.060007001337288986 0.0 3.141592653589793 1 0 5 999.7899859979416 0.0 -0.060007001337288986 0.0 0.0
7 1 2 0 0 5 -999.7199747950007 0.0 0.0700112029408772 0.0 3.141592653589793 1 0 5 999.7199747950007 0.0 -0.0700112029408772 0.0 0.0
8 1 2 0 0 5 -999.6399579892023 0.0 0.08001680579827927 0.0 3.141592653589793 1 0 5 999.6399579892023 0.0 -0.08001680579827927 0.0 0.0
9 1 2 0 0 5 -999.549933978673 0.0 0.09002401052927045 0.0 3.141592653589793 1 0 5 999.549933978673 0.0 -0.09002401052927045 0.0 0.0
10 1 2 0 0 5 -999.4499009607429 0.0 0.10003301793012835 0.0 3.141592653589793 1 0 5 999.4499009607429 0.0 -0.10003301793012835 0.0 0.0
11 1 2 0 0 5 -999.339856931747 0.0 0.11004402899584526 0.0 3.141592653589793 1 0 5 999.339856931747 0.0 -0.11004402899584526 0.0 0.0
12 1 2 0 0 5 -999.2197996868047 0.0 0.12005724494239325 0.0 3.141592653589793 1 0 5 999.2197996868047 0.0 -0.12005724494239325 0.0 0.0
13 1 2 0 0 5 -999.0897268195756 0.0 0.13007286722904826 0.0 3.141592653589793 1 0 5 999.0897268195756 0.0 -0.13007286722904826 0.0 0.0
14 1 2 0 0 5 -998.9496357219948 0.0 0.140091097580779 0.0 3.141592653589793 1 0 5 998.9496357219948 0.0 -0.140091097580779 0.0 0.0
15 1 2 0 0 5 -998.7995235839841 0.0 0.15011213801070675 0.0 3.141592653589793 1 0 5 998.7995235839841 0.0 -0.15011213801070675 0.0 0.0
16 1 2 0 0 5 -998.6393873931414 0.0 0.1601361908426422 0.0 3.141592653589793 1 0 5 998.6393873931414 0.0 -0.1601361908426422 0.0 0.0
17 1 2 0 0 5 -998.4692239344078 0.0 0.17016345873370525 0.0 3.141592653589793 1 0 5 998.4692239344078 0.0 -0.17016345873370525 0.0 0.0
18 1 2 0 0 5 -998.2890297897108 0.0 0.18019414469703424 0.0 3.141592653589793 1 0 5 998.2890297897108 0.0 -0.18019414469703424 0.0 0.0
19 1 2 0 0 5 -998.0988013375861 0.0 0.19022845212459027 0.0 3.141592653589793 1 0 5 998.0988013375861 0.0 -0.19022845212459027 0.0 0.0
20 1 2 0 0 5 -997.8985347527761 0.0 0.2002665848100635 0.0 3.141592653589793 1 0 5 997.8985347527761 0.0 -0.2002665848100635 0.0 0.0
21 1 2 0 0 5 -997.6882260058042 0.0 0.2103087469718871 0.0 3.141592653589793 1 0 5 997.6882260058042 0.0 -0.2103087469718871 0.0 0.0
22 1 2 0 0 5 -997.4678708625278 0.0 0.22035514327636552 0.0 3.141592653589793 1 0 5 997.4678708625278 0.0 -0.22035514327636552 0.0 0.0
23 1 2 0 0 5 -997.2374648836668 0.0 0.23040597886092362 0.0 3.141592653589793 1 0 5 997.2374648836668 0.0 -0.23040597886092362 0.0 0.0
24 1 2 0 0 5 -996.9970034243094 0.0 0.24046145935748264 0.0 3.141592653589793 1 0 5 996.9970034243094 0.0 -0.24046145935748264 0.0 0.0
25 1 2 0 0 5 -996.7464816333934 0.0 0.25052179091596993 0.0 3.141592653589793 1 0 5 996.7464816333934 0.0 -0.25052179091596993 0.0 0.0
26 1 2 0 0 5 -996.4858944531654 0.0 0.26058718022796873 0.0 3.141592653589793 1 0 5 996.4858944531654 0.0 -0.26058718022796873 0.0 0.0
27 1 2 0 0 5 -996.2152366186149 0.0 0.2706578345505152 0.0 3.141592653589793 1 0 5 996.2152366186149 0.0 -0.2706578345505152 0.0 0.0
28 1 2 0 0 5 -995.9345026568849 0.0 0.28073396173004844 0.0 3.141592653589793 1 0 5 995.9345026568849 0.0 -0.28073396173004844 0.0 0.0
29 1 2 0 0 5 -995.6436868866583 0.0 0.2908157702265216 0.0 3.141592653589793 1 0 5 995.6436868866583 0.0 -0.2908157702265216 0.0 0.0
30 1 2 0 0 5 -995.3427834175206 0.0 0.3009034691376795 0.0 3.141592653589793 1 0 5 995.3427834175206 0.0 -0.3009034691376795 0.0 0.0
31 1 2 0 0 5 -995.0317861492971 0.0 0.3109972682235112 0.0 3.141592653589793 1 0 5 995.0317861492971 0.0 -0.3109972682235112 0.0 0.0
32 1 2 0 0 5 -994.7106887713662 0.0 0.3210973779308833 0.0 3.141592653589793 1 0 5 994.7106887713662 0.0 -0.3210973779308833 0.0 0.0
33 1 2 0 0 5 -994.3794847619479 0.0 0.3312040094183621 0.0 3.141592653589793 1 0 5 994.3794847619479 0.0 -0.3312040094183621 0.0 0.0
34 1 2 0 0 5 -994.0381673873667 0.0 0.34131737458123124 0.0 3.141592653589793 1 0 5 994.0381673873667 0.0 -0.34131737458123124 0.0 0.0
35 1 2 0 0 5 -993.68672970129 0.0 0.3514376860767124 0.0 3.141592653589793 1 0 5 993.68672970129 0.0 -0.3514376860767124 0.0 0.0
36 1 2 0 0 5 -993.3251645439406 0.0 0.3615651573493963 0.0 3.141592653589793 1 0 5 993.3251645439406 0.0 -0.3615651573493963 0.0 0.0
37 1 2 0 0 5 -992.9534645412837 0.0 0.37170000265689224 0.0 3.141592653589793 1 0 5 992.9534645412837 0.0 -0.37170000265689224 0.0 0.0
38 1 2 0 0 5 -992.571622104188 0.0 0.3818424370957026 0.0 3.141592653589793 1 0 5 992.571622104188 0.0 -0.3818424370957026 0.0 0.0
39 1 2 0 0 5 -992.1796294275607 0.0 0.3919926766273316 0.0 3.141592653589793 1 0 5 992.1796294275607 0.0 -0.3919926766273316 0.0 0.0
40 1 2 0 0 5 -991.777478489456 0.0 0.40215093810463476 0.0 3.141592653589793 1 0 5 991.777478489456 0.0 -0.40215093810463476 0.0 0.0
41 1 2 0 0 5 -991.3651610501577 0.0 0.41231743929841813 0.0 3.141592653589793 1 0 5 991.3651610501577 0.0 -0.41231743929841813 0.0 0.0
42 1 2 0 0 5 -990.9426686512334 0.0 0.4224923989242951 0.0 3.141592653589793 1 0 5 990.9426686512334 0.0 -0.4224923989242951 0.0 0.0
43 1 2 0 0 5 -990.5099926145635 0.0 0.43267603666980875 0.0 3.141592653589793 1 0 5 990.5099926145635 0.0 -0.43267603666980875 0.0 0.0
44 1 2 0 0 5 -990.0671240413417 0.0 0.4428685732218289 0.0 3.141592653589793 1 0 5 990.0671240413417 0.0 -0.4428685732218289 0.0 0.0
45 1 2 0 0 5 -989.6140538110475 0.0 0.4530702302942316 0.0 3.141592653589793 1 0 5 989.6140538110475 0.0 -0.4530702302942316 0.0 0.0
46 1 2 0 0 5 -989.1507725803916 0.0 0.4632812306558706 0.0 3.141592653589793 1 0 5 989.1507725803916 0.0 -0.4632812306558706 0.0 0.0
47 1 2 0 0 5 -988.6772707822328 0.0 0.47350179815884896 0.0 3.141592653589793 1 0 5 988.6772707822328 0.0 -0.47350179815884896 0.0 0.0
48 1 2 0 0 5 -988.1935386244656 0.0 0.4837321577671002 0.0 3.141592653589793 1 0 5 988.1935386244656 0.0 -0.4837321577671002 0.0 0.0
49 1 2 0 0 5 -987.6995660888804 0.0 0.4939725355852884 0.0 3.141592653589793 1 0 5 987.6995660888804 0.0 -0.4939725355852884 0.0 0.0
50 1 2 0 0 5 -987.1953429299923 0.0 0.5042231588880361 0.0 3.141592653589793 1 0 5 987.1953429299923 0.0 -0.5042231588880361 0.0 0.0
51 1 2 0 0 5 -986.6808586738429 0.0 0.5144842561494899 0.0 3.141592653589793 1 0 5 986.6808586738429 0.0 -0.5144842561494899 0.0 0.0
52 1 2 0 0 5 -986.1561026167697 0.0 0.5247560570732333 0.0 3.141592653589793 1 0 5 986.1561026167697 0.0 -0.5247560570732333 0.0 0.0
53 1 2 0 0 5 -985.6210638241471 0.0 0.535038792622557 0.0 3.141592653589793 1 0 5 985.6210638241471 0.0 -0.535038792622557 0.0 0.0
54 1 2 0 0 5 -985.075731129096 0.0 0.5453326950510968 0.0 3.141592653589793 1 0 5 985.075731129096 0.0 -0.5453326950510968 0.0 0.0
55 1 2 0 0 5 -984.5200931311621 0.0 0.5556379979338485 0.0 3.141592653589793 1 0 5 984.5200931311621 0.0 -0.5556379979338485 0.0 0.0
56 1 2 0 0 5 -983.9541381949635 0.0 0.5659549361985714 0.0 3.141592653589793 1 0 5 983.9541381949635 0.0 -0.5659549361985714 0.0 0.0
57 1 2 0 0 5 -983.3778544488059 0.0 0.5762837461575913 0.0 3.141592653589793 1 0 5 983.3778544488059 0.0 -0.5762837461575913 0.0 0.0
58 1 2 0 0 5 -982.7912297832659 0.0 0.5866246655400124 0.0 3.141592653589793 1 0 5 982.7912297832659 0.0 -0.5866246655400124 0.0 0.0
59 1 2 0 0 5 -982.1942518497415 0.0 0.5969779335243511 0.0 3.141592653589793 1 0 5 982.1942518497415 0.0 -0.5969779335243511 0.0 0.0
60 1 2 0 0 5 -981.5869080589699 0.0 0.6073437907716022 0.0 3.141592653589793 1 0 5 981.5869080589699 0.0 -0.6073437907716022 0.0 0.0
61 1 2 0 0 5 -980.9691855795112 0.0 0.6177224794587486 0.0 3.141592653589793 1 0 5 980.9691855795112 0.0 -0.6177224794587486 0.0 0.0
62 1 2 0 0 5 -980.3410713361984 0.0 0.6281142433127284 0.0 3.141592653589793 1 0 5 980.3410713361984 0.0 -0.6281142433127284 0.0 0.0
63 1 2 0 0 5 -979.7025520085535 0.0 0.6385193276448691 0.0 3.141592653589793 1 0 5 979.7025520085535 0.0 -0.6385193276448691 0.0 0.0
64 1 2 0 0 5 -979.0536140291678 0.0 0.6489379793858031 0.0 3.141592653589793 1 0 5 979.0536140291678 0.0 -0.6489379793858031 0.0 0.0
65 1 2 0 0 5 -978.3942435820469 0.0 0.6593704471208769 0.0 3.141592653589793 1 0 5 978.3942435820469 0.0 -0.6593704471208769 0.0 0.0
66 1 2 0 0 5 -977.7244266009209 0.0 0.6698169811260658 0.0 3.141592653589793 1 0 5 977.7244266009209 0.0 -0.6698169811260658 0.0 0.0
67 1 2 0 0 5 -977.0441487675165 0.0 0.6802778334044097 0.0 3.141592653589793 1 0 5 977.0441487675165 0.0 -0.6802778334044097 0.0 0.0
68 1 2 0 0 5 -976.3533955097935 0.0 0.6907532577229814 0.0 3.141592653589793 1 0 5 976.3533955097935 0.0 -0.6907532577229814 0.0 0.0
69 1 2 0 0 5 -975.652152000143 0.0 0.7012435096504017 0.0 3.141592653589793 1 0 5 975.652152000143 0.0 -0.7012435096504017 0.0 0.0
70 1 2 0 0 5 -974.9404031535481 0.0 0.7117488465949179 0.0 3.141592653589793 1 0 5 974.9404031535481 0.0 -0.7117488465949179 0.0 0.0
71 1 2 0 0 5 -974.218133625705 0.0 0.7222695278430561 0.0 3.141592653589793 1 0 5 974.218133625705 0.0 -0.7222695278430561 0.0 0.0
72 1 2 0 0 5 -973.4853278111061 0.0 0.7328058145988662 0.0 3.141592653589793 1 0 5 973.4853278111061 0.0 -0.7328058145988662 0.0 0.0
73 1 2 0 0 5 -972.7419698410823 0.0 0.7433579700237722 0.0 3.141592653589793 1 0 5 972.7419698410823 0.0 -0.7433579700237722 0.0 0.0
74 1 2 0 0 5 -971.9880435818053 0.0 0.753926259277045 0.0 3.141592653589793 1 0 5 971.9880435818053 0.0 -0.753926259277045 0.0 0.0
75 1 2 0 0 5 -971.2235326322484 0.0 0.7645109495569129 0.0 3.141592653589793 1 0 5 971.2235326322484 0.0 -0.7645109495569129 0.0 0.0
76 1 2 0 0 5 -970.4484203221061 0.0 0.7751123101423261 0.0 3.141592653589793 1 0 5 970.4484203221061 0.0 -0.7751123101423261 0.0 0.0
77 1 2 0 0 5 -969.6626897096708 0.0 0.7857306124353929 0.0 3.141592653589793 1 0 5 969.6626897096708 0.0 -0.7857306124353929 0.0 0.0
78 1 2 0 0 5 -968.8663235796663 0.0 0.7963661300045038 0.0 3.141592653589793 1 0 5 968.8663235796663 0.0 -0.7963661300045038 0.0 0.0
79 1 2 0 0 5 -968.0593044410382 0.0 0.8070191386281622 0.0 3.141592653589793 1 0 5 968.0593044410382 0.0 -0.8070191386281622 0.0 0.0
80 1 2 0 0 5 -967.2416145246987 0.0 0.8176899163395378 0.0 3.141592653589793 1 0 5 967.2416145246987 0.0 -0.8176899163395378 0.0 0.0
81 1 2 0 0 5 -966.413235781227 0.0 0.8283787434717642 0.0 3.141592653589793 1 0 5 966.413235781227 0.0 -0.8283787434717642 0.0 0.0
82 1 2 0 0 5 -965.5741498785229 0.0 0.8390859027039973 0.0 3.141592653589793 1 0 5 965.5741498785229 0.0 -0.8390859027039973 0.0 0.0
83 1 2 0 0 5 -964.7243381994147 0.0 0.8498116791082547 0.0 3.141592653589793 1 0 5 964.7243381994147 0.0 -0.8498116791082547 0.0 0.0
84 1 2 0 0 5 -963.8637818392176 0.0 0.8605563601970567 0.0 3.141592653589793 1 0 5 963.8637818392176 0.0 -0.8605563601970567 0.0 0.0
85 1 2 0 0 5 -962.9924616032457 0.0 0.8713202359718885 0.0 3.141592653589793 1 0 5 962.9924616032457 0.0 -0.8713202359718885 0.0 0.0
86 1 2 0 0 5 -962.1103580042732 0.0 0.8821035989725048 0.0 3.141592653589793 1 0 5 962.1103580042732 0.0 -0.8821035989725048 0.0 0.0
87 1 2 0 0 5 -961.2174512599461 0.0 0.8929067443270999 0.0 3.141592653589793 1 0 5 961.2174512599461 0.0 -0.8929067443270999 0.0 0.0
88 1 2 0 0 5 -960.3137212901427 0.0 0.9037299698033625 0.0 3.141592653589793 1 0 5 960.3137212901427 0.0 -0.9037299698033625 0.0 0.0
89 1 2 0 0 5 -959.3991477142822 0.0 0.9145735758604409 0.0 3.141592653589793 1 0 5 959.3991477142822 0.0 -0.9145735758604409 0.0 0.0
90 1 2 0 0 5 -958.4737098485804 0.0 0.9254378657018401 0.0 3.141592653589793 1 0 5 958.4737098485804 0.0 -0.9254378657018401 0.0 0.0
91 1 2 0 0 5 -957.5373867032511 0.0 0.9363231453292756 0.0 3.141592653589793 1 0 5 957.5373867032511 0.0 -0.9363231453292756 0.0 0.0
92 1 2 0 0 5 -956.5901569796536 0.0 0.9472297235975087 0.0 3.141592653589793 1 0 5 956.5901569796536 0.0 -0.9472297235975087 0.0 0.0
93 1 2 0 0 5 -955.6319990673834 0.0 0.9581579122701869 0.0 3.141592653589793 1 0 5 955.6319990673834 0.0 -0.9581579122701869 0.0 0.0
94 1 2 0 0 5 -954.6628910413067 0.0 0.9691080260767184 0.0 3.141592653589793 1 0 5 954.6628910413067 0.0 -0.9691080260767184 0.0 0.0
95 1 2 0 0 5 -953.6828106585365 0.0 0.9800803827702045 0.0 3.141592653589793 1 0 5 953.6828106585365 0.0 -0.9800803827702045 0.0 0.0
96 1 2 0 0 5 -952.69173535535 0.0 0.9910753031864588 0.0 3.141592653589793 1 0 5 952.69173535535 0.0 -0.9910753031864588 0.0 0.0
97 1 2 0 0 5 -951.6896422440459 0.0 1.002093111304141 0.0 3.141592653589793 1 0 5 951.6896422440459 0.0 -1.002093111304141 0.0 0.0
98 1 2 0 0 5 -950.6765081097399 0.0 1.0131341343060345 0.0 3.141592653589793 1 0 5 950.6765081097399 0.0 -1.0131341343060345 0.0 0.0
99 1 2 0 0 5 -949.6523094070984 0.0 1.0241987026414976 0.0 3.141592653589793 1 0 5 949.6523094070984 0.0 -1.0241987026414976 0.0 0.0
100 1 2 0 0 5 -948.6170222570083 0.0 1.0352871500901184 0.0 3.141592653589793 1 0 5 948.6170222570083 0.0 -1.0352871500901184 0.0 0.0
101 1 2 0 0 5 -947.5706224431817 0.0 1.0463998138266049 0.0 3.141592653589793 1 0 5 947.5706224431817 0.0 -1.0463998138266049 0.0 0.0
102 1 2 0 0 5 -946.5130854086948 0.0 1.0575370344869435 0.0 3.141592653589793 1 0 5 946.5130854086948 0.0 -1.0575370344869435 0.0 0.0
103 1 2 0 0 5 -945.4443862524589 0.0 1.0686991562358594 0.0 3.141592653589793 1 0 5 945.4443862524589 0.0 -1.0686991562358594 0.0 0.0
104 1 2 0 0 5 -944.3644997256233 0.0 1.0798865268356106 0.0 3.141592653589793 1 0 5 944.3644997256233 0.0 -1.0798865268356106 0.0 0.0
105 1 2 0 0 5 -943.2734002279071 0.0 1.091099497716154 0.0 3.141592653589793 1 0 5 943.2734002279071 0.0 -1.091099497716154 0.0 0.0
106 1 2 0 0 5 -942.1710618038604 0.0 1.1023384240467187 0.0 3.141592653589793 1 0 5 942.1710618038604 0.0 -1.1023384240467187 0.0 0.0
107 1 2 0 0 5 -941.0574581390516 0.0 1.1136036648088214 0.0 3.141592653589793 1 0 5 941.0574581390516 0.0 -1.1136036648088214 0.0 0.0
108 1 2 0 0 5 -939.9325625561809 0.0 1.1248955828707683 0.0 3.141592653589793 1 0 5 939.9325625561809 0.0 -1.1248955828707683 0.0 0.0
109 1 2 0 0 5 -938.7963480111172 0.0 1.136214545063675 0.0 3.141592653589793 1 0 5 938.7963480111172 0.0 -1.136214545063675 0.0 0.0
110 1 2 0 0 5 -937.6487870888582 0.0 1.1475609222590522 0.0 3.141592653589793 1 0 5 937.6487870888582 0.0 -1.1475609222590522 0.0 0.0
111 1 2 0 0 5 -936.4898519994101 0.0 1.1589350894479962 0.0 3.141592653589793 1 0 5 936.4898519994101 0.0 -1.1589350894479962 0.0 0.0
112 1 2 0 0 5 -935.3195145735881 0.0 1.1703374258220256 0.0 3.141592653589793 1 0 5 935.3195145735881 0.0 -1.1703374258220256 0.0 0.0
113 1 2 0 0 5 -934.1377462587325 0.0 1.1817683148556126 0.0 3.141592653589793 1 0 5 934.1377462587325 0.0 -1.1817683148556126 0.0 0.0
114 1 2 0 0 5 -932.944518114342 0.0 1.193228144390451 0.0 3.141592653589793 1 0 5 932.944518114342 0.0 -1.193228144390451 0.0 0.0
115 1 2 0 0 5 -931.7398008076206 0.0 1.2047173067215118 0.0 3.141592653589793 1 0 5 931.7398008076206 0.0 -1.2047173067215118 0.0 0.0
116 1 2 0 0 5 -930.5235646089357 0.0 1.2162361986849306 0.0 3.141592653589793 1 0 5 930.5235646089357 0.0 -1.2162361986849306 0.0 0.0
117 1 2 0 0 5 -929.2957793871878 0.0 1.2277852217477818 0.0 3.141592653589793 1 0 5 929.2957793871878 0.0 -1.2277852217477818 0.0 0.0
118 1 2 0 0 5 -928.0564146050881 0.0 1.239364782099787 0.0 3.141592653589793 1 0 5 928.0564146050881 0.0 -1.239364782099787 0.0 0.0
119 1 2 0 0 5 -926.8054393143411 0.0 1.250975290747014 0.0 3.141592653589793 1 0 5 926.8054393143411 0.0 -1.250975290747014 0.0 0.0
120 1 2 0 0 5 -925.5428221507335 0.0 1.2626171636076187 0.0 3.141592653589793 1 0 5 925.5428221507335 0.0 -1.2626171636076187 0.0 0.0
121 1 2 0 0 5 -924.2685313291238 0.0 1.27429082160969 0.0 3.141592653589793 1 0 5 924.2685313291238 0.0 -1.27429082160969 0.0 0.0
122 1 2 0 0 5 -922.9825346383325 0.0 1.2859966907912523 0.0 3.141592653589793 1 0 5 922.9825346383325 0.0 -1.2859966907912523 0.0 0.0
123 1 2 0 0 5 -921.68479943593 0.0 1.2977352024024884 0.0 3.141592653589793 1 0 5 921.68479943593 0.0 -1.2977352024024884 0.0 0.0
124 1 2 0 0 5 -920.3752926429198 0.0 1.309506793010244 0.0 3.141592653589793 1 0 5 920.3752926429198 0.0 -1.309506793010244 0.0 0.0
125 1 2 0 0 5 -919.053980738315 0.0 1.3213119046048782 0.0 3.141592653589793 1 0 5 919.053980738315 0.0 -1.3213119046048782 0.0 0.0
126 1 2 0 0 5 -917.7208297536055 0.0 1.3331509847095266 0.0 3.141592653589793 1 0 5 917.7208297536055 0.0 -1.3331509847095266 0.0 0.0
127 1 2 0 0 5 -916.3758052671136 0.0 1.3450244864918446 0.0 3.141592653589793 1 0 5 916.3758052671136 0.0 -1.3450244864918446 0.0 0.0
128 1 2 0 0 5 -915.0188723982353 0.0 1.3569328688783016 0.0 3.141592653589793 1 0 5 915.0188723982353 0.0 -1.3569328688783016 0.0 0.0
129 1 2 0 0 5 -913.6499958015643 0.0 1.3688765966710994 0.0 3.141592653589793 1 0 5 913.6499958015643 0.0 -1.3688765966710994 0.0 0.0
130 1 2 0 0 5 -912.2691396608965 0.0 1.3808561406677904 0.0 3.141592653589793 1 0 5 912.2691396608965 0.0 -1.3808561406677904 0.0 0.0
131 1 2 0 0 5 -910.8762676831128 0.0 1.392871977783671 0.0 3.141592653589793 1 0 5 910.8762676831128 0.0 -1.392871977783671 0.0 0.0
132 1 2 0 0 5 -909.4713430919358 0.0 1.4049245911770336 0.0 3.141592653589793 1 0 5 909.4713430919358 0.0 -1.4049245911770336 0.0 0.0
133 1 2 0 0 5 -908.0543286215584 0.0 1.4170144703773582 0.0 3.141592653589793 1 0 5 908.0543286215584 0.0 -1.4170144703773582 0.0 0.0
134 1 2 0 0 5 -906.6251865101418 0.0 1.429142111416529 0.0 3.141592653589793 1 0 5 906.6251865101418 0.0 -1.429142111416529 0.0 0.0
135 1 2 0 0 5 -905.1838784931787 0.0 1.4413080169631662 0.0 3.141592653589793 1 0 5 905.1838784931787 0.0 -1.4413080169631662 0.0 0.0
136 1 2 0 0 5 -903.7303657967185 0.0 1.4535126964601621 0.0 3.141592653589793 1 0 5 903.7303657967185 0.0 -1.4535126964601621 0.0 0.0
137 1 2 0 0 5 -902.264609130453 0.0 1.4657566662655186 0.0 3.141592653589793 1 0 5 902.264609130453 0.0 -1.4657566662655186 0.0 0.0
138 1 2 0 0 5 -900.7865686806564 0.0 1.4780404497965818 0.0 3.141592653589793 1 0 5 900.7865686806564 0.0 -1.4780404497965818 0.0 0.0
139 1 2 0 0 5 -899.2962041029787 0.0 1.4903645776777765 0.0 3.141592653589793 1 0 5 899.2962041029787 0.0 -1.4903645776777765 0.0 0.0
140 1 2 0 0 5 -897.7934745150867 0.0 1.502729587891944 0.0 3.141592653589793 1 0 5 897.7934745150867 0.0 -1.502729587891944 0.0 0.0
141 1 2 0 0 5 -896.2783384891513 0.0 1.515136025935391 0.0 3.141592653589793 1 0 5 896.2783384891513 0.0 -1.515136025935391 0.0 0.0
142 1 2 0 0 5 -894.7507540441745 0.0 1.5275844449767633 0.0 3.141592653589793 1 0 5 894.7507540441745 0.0 -1.5275844449767633 0.0 0.0
143 1 2 0 0 5 -893.2106786381547 0.0 1.5400754060198591 0.0 3.141592653589793 1 0 5 893.2106786381547 0.0 -1.5400754060198591 0.0 0.0
144 1 2 0 0 5 -891.6580691600842 0.0 1.5526094780705006 0.0 3.141592653589793 1 0 5 891.6580691600842 0.0 -1.5526094780705006 0.0 0.0
145 1 2 0 0 5 -890.0928819217767 0.0 1.5651872383075902 0.0 3.141592653589793 1 0 5 890.0928819217767 0.0 -1.5651872383075902 0.0 0.0
146 1 2 0 0 5 -888.5150726495182 0.0 1.5778092722584782 0.0 3.141592653589793 1 0 5 888.5150726495182 0.0 -1.5778092722584782 0.0 0.0
147 1 2 0 0 5 -886.9245964755394 0.0 1.590476173978775 0.0 3.141592653589793 1 0 5 886.9245964755394 0.0 -1.590476173978775 0.0 0.0
148 1 2 0 0 5 -885.3214079293026 0.0 1.603188546236747 0.0 3.141592653589793 1 0 5 885.3214079293026 0.0 -1.603188546236747 0.0 0.0
149 1 2 0 0 5 -883.7054609286001 0.0 1.6159470007024368 0.0 3.141592653589793 1 0 5 883.7054609286001 0.0 -1.6159470007024368 0.0 0.0
150 1 2 0 0 5 -882.0767087704585 0.0 1.628752158141657 0.0 3.141592653589793 1 0 5 882.0767087704585 0.0 -1.628752158141657 0.0 0.0
151 1 2 0 0 5 -880.4351041218434 0.0 1.6416046486150102 0.0 3.141592653589793 1 0 5 880.4351041218434 0.0 -1.6416046486150102 0.0 0.0
152 1 2 0 0 5 -878.7805990101614 0.0 1.6545051116820941 0.0 3.141592653589793 1 0 5 878.7805990101614 0.0 -1.6545051116820941 0.0 0.0
153 1 2 0 0 5 -877.1131448135503 0.0 1.667454196611056 0.0 3.141592653589793 1 0 5 877.1131448135503 0.0 -1.667454196611056 0.0 0.0
154 1 2 0 0 5 -875.4326922509566 0.0 1.6804525625936677 0.0 3.141592653589793 1 0 5 875.4326922509566 0.0 -1.6804525625936677 0.0 0.0
155 1 2 0 0 5 -873.7391913719905 0.0 1.6935008789660972 0.0 3.141592653589793 1 0 5 873.7391913719905 0.0 -1.6935008789660972 0.0 0.0
156 1 2 0 0 5 -872.032591546555 0.0 1.706599825435561 0.0 3.141592653589793 1 0 5 872.032591546555 0.0 -1.706599825435561 0.0 0.0
157 1 2 0 0 5 -870.312841454242 0.0 1.719750092313047 0.0 3.141592653589793 1 0 5 870.312841454242 0.0 -1.719750092313047 0.0 0.0
158 1 2 0 0 5 -868.5798890734897 0.0 1.7329523807523066 0.0 3.141592653589793 1 0 5 868.5798890734897 0.0 -1.7329523807523066 0.0 0.0
159 1 2 0 0 5 -866.8336816704943 0.0 1.746207402995318 0.0 3.141592653589793 1 0 5 866.8336816704943 0.0 -1.746207402995318 0.0 0.0
160 1 2 0 0 5 -865.0741657878699 0.0 1.7595158826244377 0.0 3.141592653589793 1 0 5 865.0741657878699 0.0 -1.7595158826244377 0.0 0.0
161 1 2 0 0 5 -863.3012872330485 0.0 1.772878554821457 0.0 3.141592653589793 1 0 5 863.3012872330485 0.0 -1.772878554821457 0.0 0.0
162 1 2 0 0 5 -861.5149910664147 0.0 1.786296166633795 0.0 3.141592653589793 1 0 5 861.5149910664147 0.0 -1.786296166633795 0.0 0.0
163 1 2 0 0 5 -859.7152215891666 0.0 1.7997694772480655 0.0 3.141592653589793 1 0 5 859.7152215891666 0.0 -1.7997694772480655 0.0 0.0
164 1 2 0 0 5 -857.9019223308953 0.0 1.813299258271265 0.0 3.141592653589793 1 0 5 857.9019223308953 0.0 -1.813299258271265 0.0 0.0
165 1 2 0 0 5 -856.0750360368755 0.0 1.8268862940198396 0.0 3.141592653589793 1 0 5 856.0750360368755 0.0 -1.8268862940198396 0.0 0.0
166 1 2 0 0 5 -854.2345046550587 0.0 1.840531381816896 0.0 3.141592653589793 1 0 5 854.2345046550587 0.0 -1.840531381816896 0.0 0.0
167 1 2 0 0 5 -852.3802693227608 0.0 1.8542353322978373 0.0 3.141592653589793 1 0 5 852.3802693227608 0.0 -1.8542353322978373 0.0 0.0
168 1 2 0 0 5 -850.5122703530361 0.0 1.867998969724708 0.0 3.141592653589793 1 0 5 850.5122703530361 0.0 -1.867998969724708 0.0 0.0
169 1 2 0 0 5 -848.6304472207265 0.0 1.8818231323095513 0.0 3.141592653589793 1 0 5 848.6304472207265 0.0 -1.8818231323095513 0.0 0.0
170 1 2 0 0 5 -846.7347385481794 0.0 1.8957086725470915 0.0 3.141592653589793 1 0 5 846.7347385481794 0.0 -1.8957086725470915 0.0 0.0
171 1 2 0 0 5 -844.8250820906223 0.0 1.9096564575570611 0.0 3.141592653589793 1 0 5 844.8250820906223 0.0 -1.9096564575570611 0.0 0.0
172 1 2 0 0 5 -842.9014147211858 0.0 1.9236673694365174 0.0 3.141592653589793 1 0 5 842.9014147211858 0.0 -1.9236673694365174 0.0 0.0
173 1 2 0 0 5 -840.9636724155633 0.0 1.9377423056224934 0.0 3.141592653589793 1 0 5 840.9636724155633 0.0 -1.9377423056224934 0.0 0.0
174 1 2 0 0 5 -839.011790236298 0.0 1.951882179265355 0.0 3.141592653589793 1 0 5 839.011790236298 0.0 -1.951882179265355 0.0 0.0
175 1 2 0 0 5 -837.0457023166848 0.0 1.9660879196132401 0.0 3.141592653589793 1 0 5 837.0457023166848 0.0 -1.9660879196132401 0.0 0.0
176 1 2 0 0 5 -835.0653418442769 0.0 1.9803604724079809 0.0 3.141592653589793 1 0 5 835.0653418442769 0.0 -1.9803604724079809 0.0 0.0
177 1 2 0 0 5 -833.070641043984 0.0 1.9947008002929185 0.0 3.141592653589793 1 0 5 833.070641043984 0.0 -1.9947008002929185 0.0 0.0
178 1 2 0 0 5 -831.061531160751 0.0 2.009109883233046 0.0 3.141592653589793 1 0 5 831.061531160751 0.0 -2.009109883233046 0.0 0.0
179 1 2 0 0 5 -829.037942441803 0.0 2.0235887189479214 0.0 3.141592653589793 1 0 5 829.037942441803 0.0 -2.0235887189479214 0.0 0.0
180 1 2 0 0 5 -826.9998041184452 0.0 2.038138323357827 0.0 3.141592653589793 1 0 5 826.9998041184452 0.0 -2.038138323357827 0.0 0.0
181 1 2 0 0 5 -824.9470443874015 0.0 2.0527597310436563 0.0 3.141592653589793 1 0 5 824.9470443874015 0.0 -2.0527597310436563 0.0 0.0
182 1 2 0 0 5 -822.8795903916805 0.0 2.0674539957210376 0.0 3.141592653589793 1 0 5 822.8795903916805 0.0 -2.0674539957210376 0.0 0.0
183 1 2 0 0 5 -820.7973682009513 0.0 2.082222190729231 0.0 3.141592653589793 1 0 5 820.7973682009513 0.0 -2.082222190729231 0.0 0.0
184 1 2 0 0 5 -818.7003027914159 0.0 2.0970654095353463 0.0 3.141592653589793 1 0 5 818.7003027914159 0.0 -2.0970654095353463 0.0 0.0
185 1 2 0 0 5 -816.5883180251615 0.0 2.1119847662544617 0.0 3.141592653589793 1 0 5 816.5883180251615 0.0 -2.1119847662544617 0.0 0.0
186 1 2 0 0 5 -814.4613366289752 0.0 2.126981396186248 0.0 3.141592653589793 1 0 5 814.4613366289752 0.0 -2.126981396186248 0.0 0.0
187 1 2 0 0 5 -812.3192801726065 0.0 2.1420564563687274 0.0 3.141592653589793 1 0 5 812.3192801726065 0.0 -2.1420564563687274 0.0 0.0
188 1 2 0 0 5 -810.1620690464566 0.0 2.157211126149825 0.0 3.141592653589793 1 0 5 810.1620690464566 0.0 -2.157211126149825 0.0 0.0
189 1 2 0 0 5 -807.9896224386792 0.0 2.1724466077774003 0.0 3.141592653589793 1 0 5 807.9896224386792 0.0 -2.1724466077774003 0.0 0.0
190 1 2 0 0 5 -805.8018583116708 0.0 2.1877641270084784 0.0 3.141592653589793 1 0 5 805.8018583116708 0.0 -2.1877641270084784 0.0 0.0
191 1 2 0 0 5 -803.5986933779324 0.0 2.2031649337384316 0.0 3.141592653589793 1 0 5 803.5986933779324 0.0 -2.2031649337384316 0.0 0.0
192 1 2 0 0 5 -801.3800430752815 0.0 2.2186503026508966 0.0 3.141592653589793 1 0 5 801.3800430752815 0.0 -2.2186503026508966 0.0 0.0
193 1 2 0 0 5 -799.1458215413923 0.0 2.2342215338892486 0.0 3.141592653589793 1 0 5 799.1458215413923 0.0 -2.2342215338892486 0.0 0.0
194 1 2 0 0 5 -796.8959415876418 0.0 2.249879953750493 0.0 3.141592653589793 1 0 5 796.8959415876418 0.0 -2.249879953750493 0.0 0.0
195 1 2 0 0 5 -794.6303146722394 0.0 2.2656269154024735 0.0 3.141592653589793 1 0 5 794.6303146722394 0.0 -2.2656269154024735 0.0 0.0
196 1 2 0 0 5 -792.348850872614 0.0 2.281463799625336 0.0 3.141592653589793 1 0 5 792.348850872614 0.0 -2.281463799625336 0.0 0.0
197 1 2 0 0 5 -790.0514588570358 0.0 2.2973920155782404 0.0 3.141592653589793 1 0 5 790.0514588570358 0.0 -2.2973920155782404 0.0 0.0
198 1 2 0 0 5 -787.7380458554434 0.0 2.3134130015923446 0.0 3.141592653589793 1 0 5 787.7380458554434 0.0 -2.3134130015923446 0.0 0.0
199 1 2 0 0 5 -785.4085176294523 0.0 2.3295282259911514 0.0 3.141592653589793 1 0 5 785.4085176294523 0.0 -2.3295282259911514 0.0 0.0
200 1 2 0 0 5 -783.0627784415129 0.0 2.3457391879393445 0.0 3.141592653589793 1 0 5 783.0627784415129 0.0 -2.3457391879393445 0.0 0.0
201 1 2 0 0 5 -780.7007310231917 0.0 2.3620474183213074 0.0 3.141592653589793 1 0 5 780.7007310231917 0.0 -2.3620474183213074 0.0 0.0
202 1 2 0 0 5 -778.3222765425411 0.0 2.378454480650572 0.0 3.141592653589793 1 0 5 778.3222765425411 0.0 -2.378454480650572 0.0 0.0
203 1 2 0 0 5 -775.9273145705296 0.0 2.3949619720114996 0.0 3.141592653589793 1 0 5 775.9273145705296 0.0 -2.3949619720114996 0.0 0.0
204 1 2 0 0 5 -773.515743046495 0.0 2.411571524034576 0.0 3.141592653589793 1 0 5 773.515743046495 0.0 -2.411571524034576 0.0 0.0
205 1 2 0 0 5 -771.0874582425882 0.0 2.4282848039067497 0.0 3.141592653589793 1 0 5 771.0874582425882 0.0 -2.4282848039067497 0.0 0.0
206 1 2 0 0 5 -768.64235472717 0.0 2.4451035154183374 0.0 3.141592653589793 1 0 5 768.64235472717 0.0 -2.4451035154183374 0.0 0.0
207 1 2 0 0 5 -766.1803253271219 0.0 2.4620294000480762 0.0 3.141592653589793 1 0 5 766.1803253271219 0.0 -2.4620294000480762 0.0 0.0
208 1 2 0 0 5 -763.7012610890339 0.0 2.479064238088 0.0 3.141592653589793 1 0 5 763.7012610890339 0.0 -2.479064238088 0.0 0.0
209 1 2 0 0 5 -761.205051239224 0.0 2.4962098498098895 0.0 3.141592653589793 1 0 5 761.205051239224 0.0 -2.4962098498098895 0.0 0.0
210 1 2 0 0 5 -758.6915831425488 0.0 2.5134680966751417 0.0 3.141592653589793 1 0 5 758.6915831425488 0.0 -2.5134680966751417 0.0 0.0
211 1 2 0 0 5 -756.1607422599587 0.0 2.5308408825900046 0.0 3.141592653589793 1 0 5 756.1607422599587 0.0 -2.5308408825900046 0.0 0.0
212 1 2 0 0 5 -753.6124121047505 0.0 2.548330155208212 0.0 3.141592653589793 1 0 5 753.6124121047505 0.0 -2.548330155208212 0.0 0.0
213 1 2 0 0 5 -751.0464741974673 0.0 2.5659379072831743 0.0 3.141592653589793 1 0 5 751.0464741974673 0.0 -2.5659379072831743 0.0 0.0
214 1 2 0 0 5 -748.4628080193953 0.0 2.5836661780719834 0.0 3.141592653589793 1 0 5 748.4628080193953 0.0 -2.5836661780719834 0.0 0.0
215 1 2 0 0 5 -745.8612909646017 0.0 2.601517054793622 0.0 3.141592653589793 1 0 5 745.8612909646017 0.0 -2.601517054793622 0.0 0.0
216 1 2 0 0 5 -743.2417982904578 0.0 2.6194926741438835 0.0 3.141592653589793 1 0 5 743.2417982904578 0.0 -2.6194926741438835 0.0 0.0
217 1 2 0 0 5 -740.6042030665882 0.0 2.637595223869654 0.0 3.141592653589793 1 0 5 740.6042030665882 0.0 -2.637595223869654 0.0 0.0
218 1 2 0 0 5 -737.9483761221828 0.0 2.6558269444053506 0.0 3.141592653589793 1 0 5 737.9483761221828 0.0 -2.6558269444053506 0.0 0.0
219 1 2 0 0 5 -735.2741859916084 0.0 2.6741901305744578 0.0 3.141592653589793 1 0 5 735.2741859916084 0.0 -2.6741901305744578 0.0 0.0
220 1 2 0 0 5 -732.5814988582491 0.0 2.6926871333592772 0.0 3.141592653589793 1 0 5 732.5814988582491 0.0 -2.6926871333592772 0.0 0.0
221 1 2 0 0 5 -729.8701784965069 0.0 2.7113203617421693 0.0 3.141592653589793 1 0 5 729.8701784965069 0.0 -2.7113203617421693 0.0 0.0
222 1 2 0 0 5 -727.1400862118852 0.0 2.7300922846217577 0.0 3.141592653589793 1 0 5 727.1400862118852 0.0 -2.7300922846217577 0.0 0.0
223 1 2 0 0 5 -724.3910807790775 0.0 2.7490054328077576 0.0 3.141592653589793 1 0 5 724.3910807790775 0.0 -2.7490054328077576 0.0 0.0
224 1 2 0 0 5 -721.6230183779792 0.0 2.768062401098307 0.0 3.141592653589793 1 0 5 721.6230183779792 0.0 -2.768062401098307 0.0 0.0
225 1 2 0 0 5 -718.8357525275353 0.0 2.7872658504438923 0.0 3.141592653589793 1 0 5 718.8357525275353 0.0 -2.7872658504438923 0.0 0.0
226 1 2 0 0 5 -716.0291340173331 0.0 2.8066185102022048 0.0 3.141592653589793 1 0 5 716.0291340173331 0.0 -2.8066185102022048 0.0 0.0
227 1 2 0 0 5 -713.2030108368447 0.0 2.8261231804885187 0.0 3.141592653589793 1 0 5 713.2030108368447 0.0 -2.8261231804885187 0.0 0.0
228 1 2 0 0 5 -710.3572281022182 0.0 2.845782734626447 0.0 3.141592653589793 1 0 5 710.3572281022182 0.0 -2.845782734626447 0.0 0.0
229 1 2 0 0 5 -707.491627980514 0.0 2.865600121704222 0.0 3.141592653589793 1 0 5 707.491627980514 0.0 -2.865600121704222 0.0 0.0
230 1 2 0 0 5 -704.6060496112719 0.0 2.8855783692419616 0.0 3.141592653589793 1 0 5 704.6060496112719 0.0 -2.8855783692419616 0.0 0.0
231 1 2 0 0 5 -701.7003290252962 0.0 2.905720585975704 0.0 3.141592653589793 1 0 5 701.7003290252962 0.0 -2.905720585975704 0.0 0.0
232 1 2 0 0 5 -698.7742990605319 0.0 2.9260299647643513 0.0 3.141592653589793 1 0 5 698.7742990605319 0.0 -2.9260299647643513 0.0 0.0
233 1 2 0 0 5 -695.8277892749059 0.0 2.946509785626039 0.0 3.141592653589793 1 0 5 695.8277892749059 0.0 -2.946509785626039 0.0 0.0
234 1 2 0 0 5 -692.860625855995 0.0 2.967163418910854 0.0 3.141592653589793 1 0 5 692.860625855995 0.0 -2.967163418910854 0.0 0.0
235 1 2 0 0 5 -689.8726315273777 0.0 2.9879943286172486 0.0 3.141592653589793 1 0 5 689.8726315273777 0.0 -2.9879943286172486 0.0 0.0
236 1 2 0 0 5 -686.8636254515178 0.0 3.009006075859979 0.0 3.141592653589793 1 0 5 686.8636254515178 0.0 -3.009006075859979 0.0 0.0
237 1 2 0 0 5 -683.8334231290199 0.0 3.030202322497872 0.0 3.141592653589793 1 0 5 683.8334231290199 0.0 -3.030202322497872 0.0 0.0
238 1 2 0 0 5 -680.7818362940897 0.0 3.0515868349302786 0.0 3.141592653589793 1 0 5 680.7818362940897 0.0 -3.0515868349302786 0.0 0.0
239 1 2 0 0 5 -677.7086728060181 0.0 3.0731634880716294 0.0 3.141592653589793 1 0 5 677.7086728060181 0.0 -3.0731634880716294 0.0 0.0
240 1 2 0 0 5 -674.6137365365039 0.0 3.0949362695141343 0.0 3.141592653589793 1 0 5 674.6137365365039 0.0 -3.0949362695141343 0.0 0.0
241 1 2 0 0 5 -671.4968272526146 0.0 3.116909283889326 0.0 3.141592653589793 1 0 5 671.4968272526146 0.0 -3.116909283889326 0.0 0.0
242 1 2 0 0 5 -668.3577404951748 0.0 3.1390867574398578 0.0 3.141592653589793 1 0 5 668.3577404951748 0.0 -3.1390867574398578 0.0 0.0
243 1 2 0 0 5 -665.196267452361 0.0 3.161473042813736 0.0 3.141592653589793 1 0 5 665.196267452361 0.0 -3.161473042813736 0.0 0.0
244 1 2 0 0 5 -662.012194828267 0.0 3.184072624093992 0.0 3.141592653589793 1 0 5 662.012194828267 0.0 -3.184072624093992 0.0 0.0
245 1 2 0 0 5 -658.8053047061893 0.0 3.2068901220776844 0.0 3.141592653589793 1 0 5 658.8053047061893 0.0 -3.2068901220776844 0.0 0.0
246 1 2 0 0 5 -655.5753744063702 0.0 3.2299302998190904 0.0 3.141592653589793 1 0 5 655.5753744063702 0.0 -3.2299302998190904 0.0 0.0
247 1 2 0 0 5 -652.3221763379172 0.0 3.2531980684529738 0.0 3.141592653589793 1 0 5 652.3221763379172 0.0 -3.2531980684529738 0.0 0.0
248 1 2 0 0 5 -649.0454778446023 0.0 3.2766984933149397 0.0 3.141592653589793 1 0 5 649.0454778446023 0.0 -3.2766984933149397 0.0 0.0
249 1 2 0 0 5 -645.7450410442252 0.0 3.300436800377093 0.0 3.141592653589793 1 0 5 645.7450410442252 0.0 -3.300436800377093 0.0 0.0
250 1 2 0 0 5 -642.4206226612067 0.0 3.32441838301853 0.0 3.141592653589793 1 0 5 642.4206226612067 0.0 -3.32441838301853 0.0 0.0
251 1 2 0 0 5 -639.0719738520551 0.0 3.348648809151604 0.0 3.141592653589793 1 0 5 639.0719738520551 0.0 -3.348648809151604 0.0 0.0
252 1 2 0 0 5 -635.6988400233287 0.0 3.373133828726444 0.0 3.141592653589793 1 0 5 635.6988400233287 0.0 -3.373133828726444 0.0 0.0
253 1 2 0 0 5 -632.3009606416908 0.0 3.397879381637868 0.0 3.141592653589793 1 0 5 632.3009606416908 0.0 -3.397879381637868 0.0 0.0
254 1 2 0 0 5 -628.8780690356302 0.0 3.422891606060632 0.0 3.141592653589793 1 0 5 628.8780690356302 0.0 -3.422891606060632 0.0 0.0
255 1 2 0 0 5 -625.4298921883893 0.0 3.448176847240926 0.0 3.141592653589793 1 0 5 625.4298921883893 0.0 -3.448176847240926 0.0 0.0
256 1 2 0 0 5 -621.9561505216152 0.0 3.4737416667741514 0.0 3.141592653589793 1 0 5 621.9561505216152 0.0 -3.4737416667741514 0.0 0.0
257 1 2 0 0 5 -618.4565576692139 0.0 3.499592852401328 0.0 3.141592653589793 1 0 5 618.4565576692139 0.0 -3.499592852401328 0.0 0.0
258 1 2 0 0 5 -614.9308202408549 0.0 3.5257374283590117 0.0 3.141592653589793 1 0 5 614.9308202408549 0.0 -3.5257374283590117 0.0 0.0
259 1 2 0 0 5 -611.3786375745345 0.0 3.5521826663203426 0.0 3.141592653589793 1 0 5 611.3786375745345 0.0 -3.5521826663203426 0.0 0.0
260 1 2 0 0 5 -607.7997014775667 0.0 3.5789360969678485 0.0 3.141592653589793 1 0 5 607.7997014775667 0.0 -3.5789360969678485 0.0 0.0
261 1 2 0 0 5 -604.1936959553249 0.0 3.6060055222418947 0.0 3.141592653589793 1 0 5 604.1936959553249 0.0 -3.6060055222418947 0.0 0.0
262 1 2 0 0 5 -600.5602969270126 0.0 3.63339902831225 0.0 3.141592653589793 1 0 5 600.5602969270126 0.0 -3.63339902831225 0.0 0.0
263 1 2 0 0 5 -596.8991719276885 0.0 3.6611249993241524 0.0 3.141592653589793 1 0 5 596.8991719276885 0.0 -3.6611249993241524 0.0 0.0
264 1 2 0 0 5 -593.2099797957139 0.0 3.6891921319745298 0.0 3.141592653589793 1 0 5 593.2099797957139 0.0 -3.6891921319745298 0.0 0.0
265 1 2 0 0 5 -589.4923703447351 0.0 3.7176094509787356 0.0 3.141592653589793 1 0 5 589.4923703447351 0.0 -3.7176094509787356 0.0 0.0
266 1 2 0 0 5 -585.7459840192419 0.0 3.746386325493295 0.0 3.141592653589793 1 0 5 585.7459840192419 0.0 -3.746386325493295 0.0 0.0
267 1 2 0 0 5 -581.9704515326761 0.0 3.7755324865658135 0.0 3.141592653589793 1 0 5 581.9704515326761 0.0 -3.7755324865658135 0.0 0.0
268 1 2 0 0 5 -578.1653934869867 0.0 3.8050580456894156 0.0 3.141592653589793 1 0 5 578.1653934869867 0.0 -3.8050580456894156 0.0 0.0
269 1 2 0 0 5 -574.3304199724407 0.0 3.8349735145459145 0.0 3.141592653589793 1 0 5 574.3304199724407 0.0 -3.8349735145459145 0.0 0.0
270 1 2 0 0 5 -570.4651301464113 0.0 3.8652898260294495 0.0 3.141592653589793 1 0 5 570.4651301464113 0.0 -3.8652898260294495 0.0 0.0
271 1 2 0 0 5 -566.5691117897607 0.0 3.8960183566506386 0.0 3.141592653589793 1 0 5 566.5691117897607 0.0 -3.8960183566506386 0.0 0.0
272 1 2 0 0 5 -562.6419408393302 0.0 3.9271709504304675 0.0 3.141592653589793 1 0 5 562.6419408393302 0.0 -3.9271709504304675 0.0 0.0
273 1 2 0 0 5 -558.683180894927 0.0 3.958759944403287 0.0 3.141592653589793 1 0 5 558.683180894927 0.0 -3.958759944403287 0.0 0.0
274 1 2 0 0 5 -554.6923826990675 0.0 3.990798195859517 0.0 3.141592653589793 1 0 5 554.6923826990675 0.0 -3.990798195859517 0.0 0.0
275 1 2 0 0 5 -550.6690835875963 0.0 4.023299111471112 0.0 3.141592653589793 1 0 5 550.6690835875963 0.0 -4.023299111471112 0.0 0.0
276 1 2 0 0 5 -546.6128069091396 0.0 4.056276678456656 0.0 3.141592653589793 1 0 5 546.6128069091396 0.0 -4.056276678456656 0.0 0.0
277 1 2 0 0 5 -542.5230614111813 0.0 4.089745497958303 0.0 3.141592653589793 1 0 5 542.5230614111813 0.0 -4.089745497958303 0.0 0.0
278 1 2 0 0 5 -538.3993405903614 0.0 4.123720820819896 0.0 3.141592653589793 1 0 5 538.3993405903614 0.0 -4.123720820819896 0.0 0.0
279 1 2 0 0 5 -534.2411220043867 0.0 4.1582185859745975 0.0 3.141592653589793 1 0 5 534.2411220043867 0.0 -4.1582185859745975 0.0 0.0
280 1 2 0 0 5 -530.047866542715 0.0 4.19325546167166 0.0 3.141592653589793 1 0 5 530.047866542715 0.0 -4.19325546167166 0.0 0.0
281 1 2 0 0 5 -525.8190176529193 0.0 4.228848889795688 0.0 3.141592653589793 1 0 5 525.8190176529193 0.0 -4.228848889795688 0.0 0.0
282 1 2 0 0 5 -521.554000519361 0.0 4.265017133558352 0.0 3.141592653589793 1 0 5 521.554000519361 0.0 -4.265017133558352 0.0 0.0
283 1 2 0 0 5 -517.2522211904887 0.0 4.301779328872302 0.0 3.141592653589793 1 0 5 517.2522211904887 0.0 -4.301779328872302 0.0 0.0
284 1 2 0 0 5 -512.9130656507382 0.0 4.339155539750516 0.0 3.141592653589793 1 0 5 512.9130656507382 0.0 -4.339155539750516 0.0 0.0
285 1 2 0 0 5 -508.53589883262623 0.0 4.377166818111969 0.0 3.141592653589793 1 0 5 508.53589883262623 0.0 -4.377166818111969 0.0 0.0
286 1 2 0 0 5 -504.1200635642094 0.0 4.415835268416879 0.0 3.141592653589793 1 0 5 504.1200635642094 0.0 -4.415835268416879 0.0 0.0
287 1 2 0 0 5 -499.6648794466067 0.0 4.4551841176027205 0.0 3.141592653589793 1 0 5 499.6648794466067 0.0 -4.4551841176027205 0.0 0.0
288 1 2 0 0 5 -495.1696416557604 0.0 4.495237790846255 0.0 3.141592653589793 1 0 5 495.1696416557604 0.0 -4.495237790846255 0.0 0.0
289 1 2 0 0 5 -490.6336196620222 0.0 4.536021993738164 0.0 3.141592653589793 1 0 5 490.6336196620222 0.0 -4.536021993738164 0.0 0.0
290 1 2 0 0 5 -486.0560558604958 0.0 4.5775638015264315 0.0 3.141592653589793 1 0 5 486.0560558604958 0.0 -4.5775638015264315 0.0 0.0
291 1 2 0 0 5 -481.4361641043321 0.0 4.619891756163733 0.0 3.141592653589793 1 0 5 481.4361641043321 0.0 -4.619891756163733 0.0 0.0
292 1 2 0 0 5 -476.77312813234784 0.0 4.663035971984227 0.0 3.141592653589793 1 0 5 476.77312813234784 0.0 -4.663035971984227 0.0 0.0
293 1 2 0 0 5 -472.0660998814098 0.0 4.707028250938059 0.0 3.141592653589793 1 0 5 472.0660998814098 0.0 -4.707028250938059 0.0 0.0
294 1 2 0 0 5 -467.31419767298013 0.0 4.751902208429671 0.0 3.141592653589793 1 0 5 467.31419767298013 0.0 -4.751902208429671 0.0 0.0
295 1 2 0 0 5 -462.51650426203906 0.0 4.797693410941051 0.0 3.141592653589793 1 0 5 462.51650426203906 0.0 -4.797693410941051 0.0 0.0
296 1 2 0 0 5 -457.6720647352628 0.0 4.844439526776295 0.0 3.141592653589793 1 0 5 457.6720647352628 0.0 -4.844439526776295 0.0 0.0
297 1 2 0 0 5 -452.77988424382005 0.0 4.892180491442756 0.0 3.141592653589793 1 0 5 452.77988424382005 0.0 -4.892180491442756 0.0 0.0
298 1 2 0 0 5 -447.8389255544294 0.0 4.940958689390621 0.0 3.141592653589793 1 0 5 447.8389255544294 0.0 -4.940958689390621 0.0 0.0
299 1 2 0 0 5 -442.8481064003574 0.0 4.990819154072035 0.0 3.141592653589793 1 0 5 442.8481064003574 0.0 -4.990819154072035 0.0 0.0
300 1 2 0 0 5 -437.8062966117987 0.0 5.041809788558657 0.0 3.141592653589793 1 0 5 437.8062966117987 0.0 -5.041809788558657 0.0 0.0
301 1 2 0 0 5 -432.7123150025187 0.0 5.093981609279954 0.0 3.141592653589793 1 0 5 432.7123150025187 0.0 -5.093981609279954 0.0 0.0
302 1 2 0 0 5 -427.56492598669655 0.0 5.147389015822146 0.0 3.141592653589793 1 0 5 427.56492598669655 0.0 -5.147389015822146 0.0 0.0
303 1 2 0 0 5 -422.36283589652663 0.0 5.202090090169897 0.0 3.141592653589793 1 0 5 422.36283589652663 0.0 -5.202090090169897 0.0 0.0
304 1 2 0 0 5 -417.1046889672344 0.0 5.25814692929226 0.0 3.141592653589793 1 0 5 417.1046889672344 0.0 -5.25814692929226 0.0 0.0
305 1 2 0 0 5 -411.78906295164796 0.0 5.315626015586426 0.0 3.141592653589793 1 0 5 411.78906295164796 0.0 -5.315626015586426 0.0 0.0
306 1 2 0 0 5 -406.4144643212315 0.0 5.374598630416492 0.0 3.141592653589793 1 0 5 406.4144643212315 0.0 -5.374598630416492 0.0 0.0
307 1 2 0 0 5 -400.97932300438856 0.0 5.435141316842922 0.0 3.141592653589793 1 0 5 400.97932300438856 0.0 -5.435141316842922 0.0 0.0
308 1 2 0 0 5 -395.4819866057279 0.0 5.497336398660642 0.0 3.141592653589793 1 0 5 395.4819866057279 0.0 -5.497336398660642 0.0 0.0
309 1 2 0 0 5 -389.92071404164255 0.0 5.561272564085339 0.0 3.141592653589793 1 0 5 389.92071404164255 0.0 -5.561272564085339 0.0 0.0
310 1 2 0 0 5 -384.2936685177491 0.0 5.627045523893444 0.0 3.141592653589793 1 0 5 384.2936685177491 0.0 -5.627045523893444 0.0 0.0
311 1 2 0 0 5 -378.59890976216184 0.0 5.69475875558726 0.0 3.141592653589793 1 0 5 378.59890976216184 0.0 -5.69475875558726 0.0 0.0
312 1 2 0 0 5 -372.8343854148683 0.0 5.764524347293552 0.0 3.141592653589793 1 0 5 372.8343854148683 0.0 -5.764524347293552 0.0 0.0
313 1 2 0 0 5 -366.99792145716725 0.0 5.836463957701022 0.0 3.141592653589793 1 0 5 366.99792145716725 0.0 -5.836463957701022 0.0 0.0
314 1 2 0 0 5 -361.08721154565376 0.0 5.910709911513518 0.0 3.141592653589793 1 0 5 361.08721154565376 0.0 -5.910709911513518 0.0 0.0
315 1 2 0 0 5 -355.0998050918659 0.0 5.98740645378783 0.0 3.141592653589793 1 0 5 355.0998050918659 0.0 -5.98740645378783 0.0 0.0
316 1 2 0 0 5 -349.03309390053994 0.0 6.066711191325971 0.0 3.141592653589793 1 0 5 349.03309390053994 0.0 -6.066711191325971 0.0 0.0
317 1 2 0 0 5 -342.88429714529315 0.0 6.1487967552467975 0.0 3.141592653589793 1 0 5 342.88429714529315 0.0 -6.1487967552467975 0.0 0.0
318 1 2 0 0 5 -336.65044441900244 0.0 6.233852726290694 0.0 3.141592653589793 1 0 5 336.65044441900244 0.0 -6.233852726290694 0.0 0.0
319 1 2 0 0 5 -330.3283565452675 0.0 6.322087873734916 0.0 3.141592653589793 1 0 5 330.3283565452675 0.0 -6.322087873734916 0.0 0.0
320 1 2 0 0 5 -323.9146237746924 0.0 6.4137327705750895 0.0 3.141592653589793 1 0 5 323.9146237746924 0.0 -6.4137327705750895 0.0 0.0
321 1 2 0 0 5 -317.4055809120851 0.0 6.509042862607296 0.0 3.141592653589793 1 0 5 317.4055809120851 0.0 -6.509042862607296 0.0 0.0
322 1 2 0 0 5 -310.7972788238521 0.0 6.608302088233011 0.0 3.141592653589793 1 0 5 310.7972788238521 0.0 -6.608302088233011 0.0 0.0
323 1 2 0 0 5 -304.085451653275 0.0 6.711827170577076 0.0 3.141592653589793 1 0 5 304.085451653275 0.0 -6.711827170577076 0.0 0.0
324 1 2 0 0 5 -297.2654789175341 0.0 6.819972735740915 0.0 3.141592653589793 1 0 5 297.2654789175341 0.0 -6.819972735740915 0.0 0.0
325 1 2 0 0 5 -290.33234146420995 0.0 6.933137453324174 0.0 3.141592653589793 1 0 5 290.33234146420995 0.0 -6.933137453324174 0.0 0.0
326 1 2 0 0 5 -283.28057001280337 0.0 7.0517714514065775 0.0 3.141592653589793 1 0 5 283.28057001280337 0.0 -7.0517714514065775 0.0 0.0
327 1 2 0 0 5 -276.10418467960733 0.0 7.176385333196011 0.0 3.141592653589793 1 0 5 276.10418467960733 0.0 -7.176385333196011 0.0 0.0
328 1 2 0 0 5 -268.79662345560405 0.0 7.307561224003301 0.0 3.141592653589793 1 0 5 268.79662345560405 0.0 -7.307561224003301 0.0 0.0
329 1 2 0 0 5 -261.35065703960277 0.0 7.445966416001297 0.0 3.141592653589793 1 0 5 261.35065703960277 0.0 -7.445966416001297 0.0 0.0
330 1 2 0 0 5 -253.75828666912653 0.0 7.592370370476219 0.0 3.141592653589793 1 0 5 253.75828666912653 0.0 -7.592370370476219 0.0 0.0
331 1 2 0 0 5 -246.01062056196352 0.0 7.747666107163017 0.0 3.141592653589793 1 0 5 246.01062056196352 0.0 -7.747666107163017 0.0 0.0
332 1 2 0 0 5 -238.09772316727998 0.0 7.9128973946835375 0.0 3.141592653589793 1 0 5 238.09772316727998 0.0 -7.9128973946835375 0.0 0.0
333 1 2 0 0 5 -230.00842945481915 0.0 8.089293712460837 0.0 3.141592653589793 1 0 5 230.00842945481915 0.0 -8.089293712460837 0.0 0.0
334 1 2 0 0 5 -221.73011368103084 0.0 8.278315773788304 0.0 3.141592653589793 1 0 5 221.73011368103084 0.0 -8.278315773788304 0.0 0.0
335 1 2 0 0 5 -213.2483980514503 0.0 8.481715629580556 0.0 3.141592653589793 1 0 5 213.2483980514503 0.0 -8.481715629580556 0.0 0.0
336 1 2 0 0 5 -204.54678079353786 0.0 8.701617257912421 0.0 3.141592653589793 1 0 5 204.54678079353786 0.0 -8.701617257912421 0.0 0.0
337 1 2 0 0 5 -195.60615428937078 0.0 8.940626504167072 0.0 3.141592653589793 1 0 5 195.60615428937078 0.0 -8.940626504167072 0.0 0.0
338 1 2 0 0 5 -186.40417028322886 0.0 9.201984006141904 0.0 3.141592653589793 1 0 5 186.40417028322886 0.0 -9.201984006141904 0.0 0.0
339 1 2 0 0 5 -176.91438762773657 0.0 9.489782655492306 0.0 3.141592653589793 1 0 5 176.91438762773657 0.0 -9.489782655492306 0.0 0.0
340 1 2 0 0 5 -167.10510288990952 0.0 9.809284737827056 0.0 3.141592653589793 1 0 5 167.10510288990952 0.0 -9.809284737827056 0.0 0.0
341 1 2 0 0 5 -156.9377047489357 0.0 10.167398140973834 0.0 3.141592653589793 1 0 5 156.9377047489357 0.0 -10.167398140973834 0.0 0.0
342 1 2 0 0 5 -146.3642884966217 0.0 10.573416252313992 0.0 3.141592653589793 1 0 5 146.3642884966217 0.0 -10.573416252313992 0.0 0.0
343 1 2 0 0 5 -135.32407342574362 0.0 11.040215070878078 0.0 3.141592653589793 1 0 5 135.32407342574362 0.0 -11.040215070878078 0.0 0.0
344 1 2 0 0 5 -123.73778639608577 0.0 11.586287029657848 0.0 3.141592653589793 1 0 5 123.73778639608577 0.0 -11.586287029657848 0.0 0.0
345 1 2 0 0 5 -111.4983758593214 0.0 12.239410536764362 0.0 3.141592653589793 1 0 5 111.4983758593214 0.0 -12.239410536764362 0.0 0.0
346 1 2 0 0 5 -98.45458225979304 0.0 13.043793599528358 0.0 3.141592653589793 1 0 5 98.45458225979304 0.0 -13.043793599528358 0.0 0.0
347 2 0
